277
849,826
186,174,714
135,236,928,273
360,84,771,258,319
673,650,214,538,752,595
559,484,428,428,638,400,252
578,445,500,411,657,362,323,71
418,332,428,277,497,248,351,162,134
88,308,797,149,194,392,620,507,526,366
475,199,782,373,434,115,612,417,373,267,506
435,159,696,333,394,75,520,325,287,173,422,100
285,296,1078,333,150,379,902,779,740,647,344,494,454
302,273,565,161,381,246,389,275,250,116,250,265,171,494
293,107,719,151,372,191,543,429,416,282,241,306,266,403,166
512,377,546,371,591,294,370,118,68,94,460,305,219,673,210,376
441,415,410,303,520,366,234,119,190,183,389,385,299,670,155,308,221
671,648,178,536,750,593,36,249321,349,619,604,518,900,387,541,368,232
563,540,389,428,642,471,152,124,195,224,511,482,396,792,279,433,243,124,211
784,761,65,650,863,706,149,362,434,462,732,717,631,1013,500,656,481,345,113,324
83,198,876,221,49,281,700,586,605,445,142,396,356,199,330,320,539,468,698,590,811
497,381,475,330,576,297,298,109,81,53,445,308,222,676,169,335,91,130,296,171,409,524
215,185,641,73,294,269,465,351,338,204,163,353,259,406,88,78,298,231,463,355,576,242,257
356,331,494,219,435,281,318,204,222,150,304,299,205,552,71,224,203,85,316,208,429,383,141,146
118,227,735,68,205,311,561,447,434,300,81,425,355,355,184,174,394,327,559,451,672,153,353,96,242
244,35,855,140,202,119,679,518,479,367,274,234,194,262,301,142,412,444,677,568,790,164,415,214,360,194
147,248,940,285,12,331,764,650,669,509,206,446,406,149,393,384,603,532,762,654,875,61,588,306,447,217,214
213,78,830,115,172,161,652,561,522,409,272,276,236,218,276,185,455,419,652,543,765,134,458,188,334,168,44,184
370,93,801,174,329,50,625,430,392,278,401,98,105,389,276,200,324,396,623,501,735,291,327,278,313,321,127,341,171
311,176,928,213,211,260,750,659,620,507,370,374,334,120,374,283,553,517,750,641,863,232,556,286,432,266,142,210,98,269
603,580,284,470,683,525,70,182,253,281,551,536,450,802,319,473,300,164,106,82,219,631,228,395,248,490,609,695,584,555,682
255,309,1049,344,120,392,873,759,778,617,314,507,467,60,501,493,711,640,871,763,984,169,696,415,556,325,275,119,231,402,211,803
508,485,341,373,587,432,165,89,160,188,456,443,357,707,224,378,207,69,163,50,276,535,135,300,153,396,514,600,489,462,587,95,708
328,299,555,187,409,220,379,265,224,90,276,239,145,559,26,192,184,145,377,269,490,357,143,114,61,210,328,421,302,250,400,309,529,214
195,249,989,284,60,332,813,699,718,559,254,447,407,90,443,356,651,580,811,703,924,109,642,355,496,265,215,59,171,342,151,743,60,648,469
510,441,415,375,590,357,238,49,120,113,458,368,282,740,225,379,151,70,236,114,349,538,60,300,154,402,475,602,489,387,587,168,710,75,203,650
316,295,556,183,396,380,380,266,283,210,264,359,265,546,113,188,304,148,378,270,491,344,201,110,61,208,324,408,298,370,396,310,516,215,120,456,218
727,704,122,594,807,650,92,306,377,405,675,660,574,857,443,599,424,288,56,277,57,755,353,519,372,614,733,819,708,689,806,162,927,219,433,687,292,434
